[
  {
    "id": 0,
    "matrix": [
      [
        1.0,
        0.0,
        0.0,
        0.0
      ],
      [
        0.0,
        1.0,
        0.0,
        0.0
      ],
      [
        0.0,
        0.0,
        1.0,
        0.0
      ]
    ],
    "image_id": "6"
  },
  {
    "id": 1,
    "matrix": [
      [
        0.9966933497871545,
        0.02707237947516944,
        -0.07661235383156428,
        0.11022317591922907
      ],
      [
        -0.029304756604466797,
        0.9991736178580253,
        -0.028165805808772967,
        0.03992502513381832
      ],
      [
        0.0757865273674243,
        0.030317777722929595,
        0.9966630496930895,
        0.05242023923580378
      ]
    ],
    "image_id": "7"
  },
  {
    "id": 2,
    "matrix": [
      [
        0.9992247195666681,
        0.03899226609967003,
        -0.005437185974924276,
        0.084193641561641
      ],
      [
        -0.03908696023599107,
        0.9990634466536724,
        -0.018559070558482358,
        0.030552764458444348
      ],
      [
        0.004708433542425975,
        0.01875720514621509,
        0.9998129814663738,
        -0.00043986569469462453
      ]
    ],
    "image_id": "36"
  },
  {
    "id": 3,
    "matrix": [
      [
        0.9932938511189314,
        0.007344430831927262,
        0.1153836412368628,
        -0.11446855998307023
      ],
      [
        -0.009617843099716101,
        0.9997701941149879,
        0.019158706986345055,
        -0.023833149860521697
      ],
      [
        -0.11521641559878208,
        -0.02013996760261594,
        0.9931362239297962,
        -0.036793266651573654
      ]
    ],
    "image_id": "35"
  }
]