{
  "25": {
    "R": [
      [
        1.0,
        0.0,
        0.0
      ],
      [
        0.0,
        1.0,
        0.0
      ],
      [
        0.0,
        0.0,
        1.0
      ]
    ],
    "t": [
      0.0,
      0.0,
      0.0
    ]
  },
  "26": {
    "R": [
      [
        0.7353066344911964,
        -0.1540646348522374,
        0.6599910920316098
      ],
      [
        0.14422228553914077,
        0.9870847864779551,
        0.06973920459566824
      ],
      [
        -0.6622115112462911,
        0.04390572390493839,
        0.7480295460617091
      ]
    ],
    "t": [
      -0.9941926369214177,
      -0.09769243904373259,
      0.0451352195621615
    ]
  },
  "8": {
    "R": [
      [
        0.8625809343183607,
        -0.09408027764747352,
        0.49709459171091197
      ],
      [
        0.2879769506630486,
        0.8991522743381547,
        -0.329536740651685
      ],
      [
        -0.41596082464250894,
        0.4274038943555593,
        0.8026845603675368
      ]
    ],
    "t": [
      -0.7268212153136315,
      0.49728214848293706,
      0.09974874631877842
    ]
  },
  "24": {
    "R": [
      [
        0.9777720181040592,
        0.04690590810629409,
        -0.20435683594496934
      ],
      [
        -0.04033627807459853,
        0.9985302688820508,
        0.036197883880526825
      ],
      [
        0.20575438095895765,
        -0.027150283811837712,
        0.9782269658955087
      ]
    ],
    "t": [
      0.32198283917265785,
      -0.07368906500203147,
      -0.030081679461002698
    ]
  },
  "27": {
    "R": [
      [
        0.6377595011157837,
        -0.20536787851611674,
        0.7423522433523969
      ],
      [
        0.14506540126781717,
        0.9785771579700027,
        0.14609166729954096
      ],
      [
        -0.7564514842946334,
        0.01451827720985141,
        0.6538886537747112
      ]
    ],
    "t": [
      -1.1720256262821132,
      -0.1840158048277642,
      0.21932528085234226
    ]
  },
  "23": {
    "R": [
      [
        0.9260422919494651,
        0.14918646616750372,
        -0.3466829557873215
      ],
      [
        -0.12374233969455721,
        0.9878004831018752,
        0.09454120239672693
      ],
      [
        0.3565578591026966,
        -0.04464979166977538,
        0.9332057057347791
      ]
    ],
    "t": [
      0.5334778581220321,
      -0.17712910409170443,
      0.060824143340550196
    ]
  },
  "7": {
    "R": [
      [
        0.9476429018879069,
        0.07925057673072355,
        -0.3093416825927516
      ],
      [
        -0.19598595228029664,
        0.9091506117763667,
        -0.36747064048090083
      ],
      [
        0.25211591978741105,
        0.40885756834685827,
        0.8770821237462555
      ]
    ],
    "t": [
      0.4869166318604638,
      0.43853138079235143,
      0.23893751469925173
    ]
  },
  "28": {
    "R": [
      [
        0.4387656697730928,
        -0.25844677504024643,
        0.8606334594354704
      ],
      [
        0.16580740883840347,
        0.964587255387243,
        0.2051324691968585
      ],
      [
        -0.8831718916512593,
        0.05269431862925862,
        0.46608016325663804
      ]
    ],
    "t": [
      -1.3702694286848338,
      -0.2606744339493299,
      0.43421042199887333
    ]
  },
  "22": {
    "R": [
      [
        0.827267543088105,
        0.2360198114633597,
        -0.5098265006350402
      ],
      [
        -0.19742153476356689,
        0.971726594018513,
        0.12950739009329817
      ],
      [
        0.5259782787953968,
        -0.006486530195727348,
        0.8504732654007718
      ]
    ],
    "t": [
      0.7503862513242859,
      -0.24785838818223016,
      0.2616279529939885
    ]
  },
  "29": {
    "R": [
      [
        0.16039285806158973,
        -0.26994415710877284,
        0.9494231317624765
      ],
      [
        0.21653760102832875,
        0.9480679841268107,
        0.23297760582215207
      ],
      [
        -0.9630086180422951,
        0.16821786325048813,
        0.21051639380273698
      ]
    ],
    "t": [
      -1.6027606014403666,
      -0.31133483267524314,
      0.8721375670462139
    ]
  },
  "9": {
    "R": [
      [
        0.41886593597250493,
        -0.32592419256094296,
        0.8475404110633159
      ],
      [
        0.6270909977205207,
        0.7788766089206083,
        -0.010397531159638096
      ],
      [
        -0.6567405943443417,
        0.5358401336031402,
        0.530629006896918
      ]
    ],
    "t": [
      -1.3726606295442527,
      0.11912360204872377,
      0.4190574744821795
    ]
  },
  "21": {
    "R": [
      [
        0.6953466946014153,
        0.2567426292458686,
        -0.6712497274746596
      ],
      [
        -0.20106042545069552,
        0.9662104922859707,
        0.16128232982595392
      ],
      [
        0.6899765790405292,
        0.022814620847626157,
        0.7234720543677604
      ]
    ],
    "t": [
      0.9501587758953279,
      -0.30139132848476113,
      0.5254525637009356
    ]
  },
  "2": {
    "R": [
      [
        -0.8769422391769641,
        -0.14555479111652062,
        -0.4580241390257923
      ],
      [
        -0.17159269923883694,
        -0.7953901503936209,
        0.5813006573407113
      ],
      [
        -0.4489189845787571,
        0.5883606984153846,
        0.6725350800106555
      ]
    ],
    "t": [
      0.1713160754596023,
      -1.102677538055233,
      0.2984772293088665
    ]
  },
  "30": {
    "R": [
      [
        -0.13442553522553408,
        -0.27451143513394755,
        0.9521414009799327
      ],
      [
        0.2155165825150936,
        0.929762547063634,
        0.29848653024677363
      ],
      [
        -0.9672033799260336,
        0.24532647239636363,
        -0.06582206166030269
      ]
    ],
    "t": [
      -1.683337761444496,
      -0.38897961306192974,
      1.2419524282391528
    ]
  },
  "31": {
    "R": [
      [
        -0.4163043472851181,
        -0.22779349752938927,
        0.8802277051506844
      ],
      [
        0.19353323874621886,
        0.9237213686243102,
        0.3305808806438012
      ],
      [
        -0.8883893155210225,
        0.30797557635332096,
        -0.34046360809626774
      ]
    ],
    "t": [
      -1.6443099325545676,
      -0.4392420850285765,
      1.664829095506114
    ]
  },
  "6": {
    "R": [
      [
        0.5176012193404772,
        0.279562099717375,
        -0.8086618639078167
      ],
      [
        -0.639009546102803,
        0.7548135044073057,
        -0.1480654367293477
      ],
      [
        0.5689954109891759,
        0.5933815011996711,
        0.5693352407038264
      ]
    ],
    "t": [
      1.1073850151511389,
      -0.03660034630950602,
      0.7545392308640749
    ]
  },
  "10": {
    "R": [
      [
        -0.3548176329755624,
        -0.3134827302622679,
        0.880813842509831
      ],
      [
        0.671244449077406,
        0.5703758609566136,
        0.47339440936788835
      ],
      [
        -0.6507959257035872,
        0.7592100862510431,
        0.008044129679153023
      ]
    ],
    "t": [
      -1.6279379592724799,
      -0.60131987991985,
      1.1871441960526532
    ]
  },
  "32": {
    "R": [
      [
        -0.6420301177636665,
        -0.2660843338402784,
        0.7190246554667983
      ],
      [
        0.09959120587109051,
        0.9009518388782551,
        0.42233561978009027
      ],
      [
        -0.760183477587822,
        0.3427607201921863,
        -0.5519385555438387
      ]
    ],
    "t": [
      -1.49029506444558,
      -0.6017893528358388,
      1.9932595924539245
    ]
  },
  "35": {
    "R": [
      [
        -0.9918620766993218,
        -0.08686946962354396,
        0.09307693620351282
      ],
      [
        -0.04312045678316863,
        0.9170657571912451,
        0.39639755699809687
      ],
      [
        -0.11979251651300887,
        0.38915818407759684,
        -0.9133485976082231
      ]
    ],
    "t": [
      -0.6446373409994777,
      -0.593524535920357,
      2.642565699157532
    ]
  },
  "12": {
    "R": [
      [
        -0.9824212272433361,
        -0.05831488159022293,
        -0.17733557693484836
      ],
      [
        -0.1279433703047653,
        0.9020872544735845,
        0.4121517673277266
      ],
      [
        0.13593758220872892,
        0.42759555645659963,
        -0.8936906701100868
      ]
    ],
    "t": [
      -0.24627352163166996,
      -0.6443194382399969,
      2.692346135774707
    ]
  },
  "34": {
    "R": [
      [
        -0.9364013818693051,
        -0.13251114268987435,
        0.3249511487843665
      ],
      [
        0.013569982752308751,
        0.9116040821636454,
        0.41084529077339976
      ],
      [
        -0.3506683726847315,
        0.3891256794990548,
        -0.8518291483349469
      ]
    ],
    "t": [
      -0.9793949704765084,
      -0.6010259696286921,
      2.4909807812134046
    ]
  },
  "3": {
    "R": [
      [
        -0.9675119569075543,
        -0.1244390215297652,
        -0.22008076508779525
      ],
      [
        -0.2517779583219558,
        0.5533810355667815,
        0.793963027588983
      ],
      [
        0.022988539408630715,
        0.8235802082346025,
        -0.5667337714130918
      ]
    ],
    "t": [
      -0.1957017757062047,
      -1.3078348636698365,
      2.1972516193748866
    ]
  },
  "33": {
    "R": [
      [
        -0.8254628512710896,
        -0.1774469543836258,
        0.5358392105392983
      ],
      [
        0.06533608034322153,
        0.9128832373692889,
        0.4029582999958565
      ],
      [
        -0.5606623563043868,
        0.3676367409687748,
        -0.7419575115281676
      ]
    ],
    "t": [
      -1.2521138410165369,
      -0.5769523914242706,
      2.305166693213152
    ]
  },
  "13": {
    "R": [
      [
        -0.8976200897974056,
        -0.005863360658723671,
        -0.4407309784822065
      ],
      [
        -0.20146955002684647,
        0.8948019676325321,
        0.39842120818667404
      ],
      [
        0.3920308595048066,
        0.4464247525874151,
        -0.8043735111707668
      ]
    ],
    "t": [
      0.14983193224245756,
      -0.6498065960011106,
      2.646692034612763
    ]
  },
  "11": {
    "R": [
      [
        -0.86174180488751,
        -0.24998207886936985,
        0.441486151485372
      ],
      [
        0.2837149636270275,
        0.4839627232078444,
        0.8278199695340538
      ],
      [
        -0.4206029970451128,
        0.8386233020787077,
        -0.3461272541815704
      ]
    ],
    "t": [
      -1.1275757359667282,
      -1.2137863221565093,
      1.7906428761903168
    ]
  },
  "14": {
    "R": [
      [
        -0.7407219691019462,
        0.0474001533223405,
        -0.6701374410930596
      ],
      [
        -0.2531622468375947,
        0.9042776926452941,
        0.34378878888097
      ],
      [
        0.6222859802903133,
        0.4243054089322006,
        -0.6578184237956565
      ]
    ],
    "t": [
      0.5402679136931123,
      -0.5797753719769716,
      2.4858812786823283
    ]
  },
  "4": {
    "R": [
      [
        -0.5712560088473936,
        0.02376706147136942,
        -0.8204277537630981
      ],
      [
        -0.6682131102472952,
        0.566975305096842,
        0.4816951761269558
      ],
      [
        0.47661075486122073,
        0.8233918448705689,
        -0.3080065878374328
      ]
    ],
    "t": [
      0.7957021672994238,
      -0.9702107920815634,
      1.939106693100024
    ]
  },
  "15": {
    "R": [
      [
        -0.5704049449118856,
        0.1141962539455551,
        -0.8133863869065371
      ],
      [
        -0.277424850683242,
        0.9053042770698125,
        0.32165139225951506
      ],
      [
        0.7730935590492586,
        0.40912514161794783,
        -0.4847091575910698
      ]
    ],
    "t": [
      0.7897860476629845,
      -0.5623497265626861,
      2.276401276611698
    ]
  },
  "1": {
    "R": [
      [
        0.8653859723034095,
        -0.187293132167528,
        0.46478855577924794
      ],
      [
        0.39939583793042177,
        -0.30237498587764144,
        -0.8654780947888585
      ],
      [
        0.3026385361852294,
        0.9346072172620823,
        -0.18686697369328942
      ]
    ],
    "t": [
      -0.6697147435040303,
      1.2245905086083593,
      1.721538621748702
    ]
  },
  "16": {
    "R": [
      [
        -0.3414732033802018,
        0.144450453700533,
        -0.9287249957866824
      ],
      [
        -0.307227795426945,
        0.9166846968481479,
        0.2555391325834819
      ],
      [
        0.8882607348579371,
        0.3725898992057209,
        -0.2686440654835095
      ]
    ],
    "t": [
      1.0175917210513372,
      -0.4744157542735573,
      2.0031910547531155
    ]
  },
  "20": {
    "R": [
      [
        0.4839083207777579,
        0.298326747508884,
        -0.8226991484150332
      ],
      [
        -0.2520041567347556,
        0.9477819909266657,
        0.19545639581116397
      ],
      [
        0.8380493076606264,
        0.11274062886047886,
        0.5338191721301218
      ]
    ],
    "t": [
      1.1055597092845735,
      -0.3687948640877928,
      0.8603409083787356
    ]
  }
}