{
  "25": {
    "R": [
      [
        1.0,
        0.0,
        0.0
      ],
      [
        0.0,
        1.0,
        0.0
      ],
      [
        0.0,
        0.0,
        1.0
      ]
    ],
    "t": [
      0.0,
      0.0,
      0.0
    ]
  },
  "26": {
    "R": [
      [
        0.9271040557288552,
        -0.08806479830708625,
        0.3643112146918345
      ],
      [
        0.08789568729082267,
        0.9959832352854625,
        0.0170804913856967
      ],
      [
        -0.3643520522884174,
        0.016185991765572068,
        0.931120612844428
      ]
    ],
    "t": [
      -0.9952875742854459,
      -0.09411032565815941,
      0.023364312048679253
    ]
  },
  "8": {
    "R": [
      [
        0.9913454752471136,
        -0.010669384745672354,
        0.13084461370734143
      ],
      [
        0.08019053812604418,
        0.8383490865261826,
        -0.5392033815878484
      ],
      [
        -0.10394049404409257,
        0.5450293325591423,
        0.8319491573095112
      ]
    ],
    "t": [
      -0.3529660038614263,
      1.3669159091810101,
      0.3076350086772678
    ]
  },
  "24": {
    "R": [
      [
        0.9998127496275755,
        -0.016136284849420406,
        -0.010681104503067963
      ],
      [
        0.010253176229506514,
        0.9098574086356739,
        -0.41479436872742503
      ],
      [
        0.016411522152249496,
        0.4146071830806055,
        0.9098524856693042
      ]
    ],
    "t": [
      0.0801412159338042,
      1.1004674278050655,
      0.1592196316307185
    ]
  },
  "27": {
    "R": [
      [
        0.8844597656532066,
        -0.1498057035221355,
        0.44191534724753895
      ],
      [
        0.20227847383293557,
        0.9765430231970376,
        -0.07380476183152701
      ],
      [
        -0.4204929749288248,
        0.154667304358187,
        0.8940154825270525
      ]
    ],
    "t": [
      -1.2768720444538149,
      0.19296379442827213,
      0.39054669818895454
    ]
  },
  "23": {
    "R": [
      [
        0.9957512749006349,
        0.022637225160691277,
        -0.08925779837518083
      ],
      [
        -0.0538782385923606,
        0.9292999349407974,
        -0.36537482990104064
      ],
      [
        0.07467619393049524,
        0.3686315056476507,
        0.9265712488006528
      ]
    ],
    "t": [
      0.32861442453305384,
      0.9672175302838644,
      0.12535641514947599
    ]
  },
  "7": {
    "R": [
      [
        0.9665578941809801,
        0.2536582313155353,
        0.03772716371930881
      ],
      [
        -0.2195118013703566,
        0.8944031701605649,
        -0.3896890276436747
      ],
      [
        -0.1325911243468817,
        0.3683754482760841,
        0.9201734199876803
      ]
    ],
    "t": [
      0.0850261325691167,
      1.0253375991579785,
      0.3275427544397564
    ]
  },
  "28": {
    "R": [
      [
        0.6632581744539952,
        -0.17162130118310465,
        0.7284467880361418
      ],
      [
        0.1761552183903009,
        0.981804236644263,
        0.07092094148586484
      ],
      [
        -0.7273636869227245,
        0.08128080885174649,
        0.6814216734582095
      ]
    ],
    "t": [
      -1.9698929980191937,
      -0.19394205828301722,
      0.7760512966658195
    ]
  },
  "22": {
    "R": [
      [
        0.9816121917285185,
        0.04201633577999598,
        -0.1862045449970458
      ],
      [
        -0.10886127215047461,
        0.9245147126153833,
        -0.36526944791958094
      ],
      [
        0.15680155763165915,
        0.3788234069923845,
        0.9120888650997597
      ]
    ],
    "t": [
      0.623682018130932,
      0.9765610839209578,
      0.3510573445253858
    ]
  },
  "29": {
    "R": [
      [
        0.48153746746207987,
        -0.21196660422287697,
        0.850406859170614
      ],
      [
        0.2312725537975793,
        0.9666521682846483,
        0.10998450532022232
      ],
      [
        -0.845360676451272,
        0.1437141059353968,
        0.5145012949109432
      ]
    ],
    "t": [
      -2.3940639215397357,
      -0.35194367005477356,
      1.3627008675632424
    ]
  },
  "9": {
    "R": [
      [
        0.7030015116741783,
        -0.170722189134845,
        0.6903932276035347
      ],
      [
        0.5137368659565398,
        0.7931971186006913,
        -0.32697517275890087
      ],
      [
        -0.49179600155041125,
        0.584544493756093,
        0.6453250558272635
      ]
    ],
    "t": [
      -1.9243425034990642,
      0.8009532499535736,
      0.8295869994568879
    ]
  },
  "21": {
    "R": [
      [
        0.9557291005236779,
        -0.08298073830681132,
        -0.2823049476758389
      ],
      [
        -0.04078014481349715,
        0.912799272986437,
        -0.4063674039885854
      ],
      [
        0.291408418205775,
        0.3998895901439402,
        0.8690048616051119
      ]
    ],
    "t": [
      0.9292290710420723,
      1.080629242005198,
      0.6139648714198686
    ]
  },
  "30": {
    "R": [
      [
        0.2393898887528675,
        -0.24199672603413372,
        0.9402819075956158
      ],
      [
        0.2260427572439402,
        0.9557207563420715,
        0.18842109169224125
      ],
      [
        -0.9442442232073475,
        0.16743781080060532,
        0.28349149273629687
      ]
    ],
    "t": [
      -2.6756739814420163,
      -0.5117452183037339,
      1.9078505883570702
    ]
  },
  "2": {
    "R": [
      [
        -0.9932504627706374,
        -0.06320822681039567,
        0.09725347433074111
      ],
      [
        0.11436090281619954,
        -0.6736767443412913,
        0.7301241182434546
      ],
      [
        0.01936755309734057,
        0.7363181134517904,
        0.6763582879582517
      ]
    ],
    "t": [
      -0.32387526737108624,
      -2.002739167532043,
      0.8254909451439308
    ]
  },
  "31": {
    "R": [
      [
        -0.026779638460232055,
        -0.22777391098548053,
        0.9733457229773591
      ],
      [
        0.237366026123519,
        0.944397837593842,
        0.2275304243181653
      ],
      [
        -0.971051090626167,
        0.23713238880940293,
        0.02877515545184762
      ]
    ],
    "t": [
      -2.7625328999425323,
      -0.6199499657655474,
      2.680621934858831
    ]
  },
  "33": {
    "R": [
      [
        -0.5278530993388048,
        -0.19926249129239437,
        0.8256304046499053
      ],
      [
        0.217312865550367,
        0.9080460930960261,
        0.35808855228746406
      ],
      [
        -0.8210640803157242,
        0.36843826128266355,
        -0.43601264160377473
      ]
    ],
    "t": [
      -2.3798790267937253,
      -1.0108039128709314,
      4.062306995641307
    ]
  },
  "35": {
    "R": [
      [
        -0.9015445098058836,
        -0.04970517978320887,
        0.4298219305033051
      ],
      [
        0.13596203705747803,
        0.9105196572472323,
        0.39047186613834794
      ],
      [
        -0.4107697911459046,
        0.4104672323938926,
        -0.8141159805659438
      ]
    ],
    "t": [
      -1.2540563112071794,
      -1.1087626022960206,
      5.121311744398602
    ]
  },
  "12": {
    "R": [
      [
        -0.981078058140295,
        -0.01800643924463493,
        0.19277347323062177
      ],
      [
        0.05580121127363411,
        0.9271197415348836,
        0.37058765451197334
      ],
      [
        -0.18539705676213747,
        0.37433240976706755,
        -0.9085720545680002
      ]
    ],
    "t": [
      -0.5702905307281395,
      -1.0488356671973116,
      5.34488968439743
    ]
  },
  "34": {
    "R": [
      [
        -0.7295299087367587,
        -0.13530109578141464,
        0.6704324915596536
      ],
      [
        0.18620383255743167,
        0.9039208980662269,
        0.3850391444776357
      ],
      [
        -0.6581141580299428,
        0.4057346713302847,
        -0.6342437476877839
      ]
    ],
    "t": [
      -1.9892613496641014,
      -1.0978043871073198,
      4.586086255791105
    ]
  },
  "3": {
    "R": [
      [
        -0.961682854972097,
        -0.0307390591441256,
        0.27243567441811034
      ],
      [
        0.22115462324853025,
        0.5003276443020152,
        0.8371158109622567
      ],
      [
        -0.1620392516290954,
        0.8652903319638618,
        -0.47435843234979247
      ]
    ],
    "t": [
      -0.8670727799213311,
      -2.5610547431618196,
      4.004308694770241
    ]
  },
  "13": {
    "R": [
      [
        -0.9998520921474302,
        0.01505333412755898,
        -0.008318110365392943
      ],
      [
        0.010684367539462643,
        0.9226608660023656,
        0.38546435715646477
      ],
      [
        0.013477318675777701,
        0.3853184702027779,
        -0.922685232569538
      ]
    ],
    "t": [
      -0.05437033076487076,
      -1.1044488572090942,
      5.416130713418506
    ]
  },
  "14": {
    "R": [
      [
        -0.9599236742051007,
        0.07587001503014423,
        -0.26979673926848224
      ],
      [
        -0.03462409055991486,
        0.923181987151507,
        0.38280045840083987
      ],
      [
        0.2781145664172924,
        0.37680068924873267,
        -0.8835573147952551
      ]
    ],
    "t": [
      0.7289886802746222,
      -1.0897149868896066,
      5.316637877818792
    ]
  },
  "11": {
    "R": [
      [
        -0.5682761323333012,
        -0.15349990899951016,
        0.8083934780522702
      ],
      [
        0.6166332325366062,
        0.5710516135048974,
        0.5419072902673556
      ],
      [
        -0.5448171197307955,
        0.8064352625292339,
        -0.22986185720481178
      ]
    ],
    "t": [
      -2.3256510515022213,
      -1.6371011094145482,
      3.3919394987962272
    ]
  },
  "32": {
    "R": [
      [
        -0.2737062203301901,
        -0.2843889322896081,
        0.9188078363530311
      ],
      [
        0.21475879747821397,
        0.913098692756416,
        0.3465969362129965
      ],
      [
        -0.937530566892767,
        0.29218780343761985,
        -0.18884576686816668
      ]
    ],
    "t": [
      -2.6767630815197117,
      -0.9782326414697675,
      3.292967735842264
    ]
  },
  "15": {
    "R": [
      [
        -0.8628656024037373,
        0.14570077925742417,
        -0.48397751508950787
      ],
      [
        -0.056600025179697276,
        0.9236721946462356,
        0.3789803609516781
      ],
      [
        0.5022543074360768,
        0.35440225699222905,
        -0.7887582968823346
      ]
    ],
    "t": [
      1.3028952040634465,
      -1.1102946177074025,
      5.052654576086473
    ]
  },
  "4": {
    "R": [
      [
        -0.9095708689025341,
        0.12103637396835819,
        -0.39753116936974997
      ],
      [
        -0.27402778374864717,
        0.5444614593934548,
        0.792761308950528
      ],
      [
        0.31239335488722186,
        0.8300071779278427,
        -0.4620589533929246
      ]
    ],
    "t": [
      1.0351981925877838,
      -2.456823314348903,
      4.038264292376212
    ]
  },
  "1": {
    "R": [
      [
        0.9891799524827376,
        0.01633913894385912,
        -0.14579456143773623
      ],
      [
        -0.1425226126026577,
        -0.12863694564453276,
        -0.9813968825669653
      ],
      [
        -0.03478974709826639,
        0.9915571434636626,
        -0.12491639101022682
      ]
    ],
    "t": [
      0.4911913914263414,
      2.9530834859077326,
      2.9623653032061963
    ]
  },
  "6": {
    "R": [
      [
        0.8419675737892303,
        -0.07932045729719045,
        -0.5336655036084326
      ],
      [
        -0.45795392497496973,
        0.41789284375621216,
        -0.7846297048527834
      ],
      [
        0.28525218191540125,
        0.9050269809190833,
        0.315527109011242
      ]
    ],
    "t": [
      1.6189398542124245,
      1.8885406911529041,
      2.681029930177517
    ]
  },
  "20": {
    "R": [
      [
        0.8718226972846539,
        -0.2021932994534908,
        -0.4461424146563758
      ],
      [
        -0.03326468425919721,
        0.8842834939745128,
        -0.4657640637333064
      ],
      [
        0.48869074605566915,
        0.42090446890041283,
        0.7642125246155121
      ]
    ],
    "t": [
      1.3514990997740497,
      1.2328175621292539,
      1.1507268635857177
    ]
  },
  "10": {
    "R": [
      [
        0.09022130197930413,
        -0.22475502515994678,
        0.9702295065264253
      ],
      [
        0.733694816495492,
        0.6737754914898338,
        0.08785501303442533
      ],
      [
        -0.673462718282761,
        0.7039259660880427,
        0.22569049902512517
      ]
    ],
    "t": [
      -2.7732828907625744,
      -0.4005437690981839,
      1.996706115980356
    ]
  },
  "16": {
    "R": [
      [
        -0.6929198169383074,
        0.16865092443129015,
        -0.7010128336789947
      ],
      [
        -0.1009548448898591,
        0.93998708373171,
        0.32593312459892587
      ],
      [
        0.7139119319548084,
        0.2966161629210817,
        -0.634309550067258
      ]
    ],
    "t": [
      1.9247397793607195,
      -0.9523724080718957,
      4.644440536085742
    ]
  },
  "17": {
    "R": [
      [
        -0.6045977374229513,
        0.12862568845547262,
        -0.786076973439881
      ],
      [
        -0.13153134996484878,
        0.95720557274183,
        0.2577925435081646
      ],
      [
        0.7855960029681109,
        0.2592545540223742,
        -0.5618060130856446
      ]
    ],
    "t": [
      2.1333649212232366,
      -0.7390257930514854,
      4.295481645707622
    ]
  },
  "19": {
    "R": [
      [
        0.7617306732077085,
        -0.3172835496388872,
        -0.5648871839784285
      ],
      [
        -0.01891624037568662,
        0.8606194653325332,
        -0.5088971524196161
      ],
      [
        0.647617601169533,
        0.3983281122633607,
        0.6495584328111884
      ]
    ],
    "t": [
      1.6905598619693805,
      1.3358308586553747,
      1.5574317666882969
    ]
  },
  "5": {
    "R": [
      [
        -0.41931630386123386,
        0.25918868600770506,
        -0.8700546318259289
      ],
      [
        -0.6086146455564333,
        0.6308614735739936,
        0.4812504694795284
      ],
      [
        0.6736186239485741,
        0.7313241594571103,
        -0.10678447108068129
      ]
    ],
    "t": [
      2.443683615970764,
      -1.580821108069118,
      2.994398599097475
    ]
  },
  "18": {
    "R": [
      [
        -0.24717628862388438,
        0.21334595991413935,
        -0.9451917179760077
      ],
      [
        0.07538882259243264,
        0.9767371137211318,
        0.2007514286570328
      ],
      [
        0.9660333367799732,
        -0.021635897670941984,
        -0.25751015545357353
      ]
    ],
    "t": [
      2.65039519390323,
      -0.5069125222569267,
      3.442802655969494
    ]
  }
}